111.2054401709402
129.0640106837607
122.57001495726495
119.40297863247864
134.56951068376068
126.63406837606838
73.07201282051282
148.72632264957267
123.83903418803418
187.6583782051282
271.85508119658124
370.34548504273505
473.2808290598291
571.3896880341881
641.9030961538463
698.9964572649574
770.9784594017094
841.0028846153847
948.2082735042734
1045.8890256410257
1166.2951431623933
1317.3033311965812
1441.2358183760684
1547.3707756410258
1682.682151709402
1841.5260769230774
1951.860166666667
2067.993277777778
2205.5958974358978
2355.458628205128
2514.991111111111
2648.797532051282
2793.565100427351
2971.9184893162396
3124.4179764957266
3252.7782927350427
3392.3763311965813
3532.28204059829
3645.7329850427354
3791.334061965812
3941.87844017094
4064.2191004273504
4219.726688034189
4367.209000000001
4530.572068376069
4697.552326923078
4834.3395363247855
4953.873316239316
5123.0692991453
5296.100145299146
5492.792532051282
5663.15091880342
5828.026017094017
5953.231307692308
6133.18475
6295.6679123931635
6431.210782051282
6542.92972008547
6727.389636752137
6906.325626068377
7062.45201068376
7211.27919017094
7380.410183760684
7543.616784188033
7685.956713675216
7873.092873931625
8064.8092179487185
8260.253151709401
8423.990196581197
8580.065412393162
8733.078232905982
8823.302160256411
8915.385604700856
9093.224837606838
9276.023331196582
9382.943425213676
9574.780369658121
9727.152017094017
9859.108134615384
10011.20616880342
10196.432301282051
10341.482532051281
10535.462643162393
10723.768775641025
10845.36312820513
10950.199944444445
11165.45327991453
11329.898955128207
11533.778502136753
11717.770989316241
11874.308534188034
11989.279570512823
12187.512779914528
12331.548025641028
12503.988209401712
12609.864690170942
12755.544412393163
12910.709284188035
13074.198382478633
13250.00386111111
13417.805288461539
13539.09443803419
13688.286380341879
13847.404083333337
14024.541760683758
14200.9265491453
14360.326256410257
14499.96723717949
14661.701294871797
14847.704995726497
14989.401119658123
15104.789239316238
15161.788324786326
15329.244568376067
15004.197952991455
14750.042670940175
14839.21031623932
14951.048373931624
