58.0793888888889
88.25779487179489
110.31154914529917
163.7013418803419
223.0683418803419
270.1610811965812
303.1383055555556
320.69841880341886
412.29008333333337
526.5768397435897
585.9479529914531
650.0886239316239
735.2157435897437
801.3672991452993
898.6627222222223
994.7440790598292
1073.712185897436
1138.8737649572652
1228.378532051282
1344.0506303418804
1501.5743675213675
1610.6904423076924
1690.579258547009
1784.226888888889
1929.113905982906
2112.301841880342
2157.5914978632477
2346.9994871794875
2502.049188034188
2649.8849102564104
2695.0342222222225
2823.3213226495727
2992.635273504274
3114.297576923077
3186.603373931624
3265.0354423076924
3561.535952991453
3558.415807692308
3809.3148782051285
4000.0644444444447
4196.666175213676
4220.240844017094
4381.050408119658
4558.350147435897
4718.511957264957
5013.478884615384
5070.944247863249
5327.451155982906
5430.985553418804
5446.991517094018
5940.045551282051
6079.034335470087
6172.822145299146
6163.026527777778
6239.1392179487175
6365.260775641026
6554.779822649573
6732.253799145299
6724.0733717948715
6953.9675662393165
7043.324256410258
7321.215446581197
7328.890602564104
7722.649023504274
7850.882980769232
7722.508350427352
7706.064572649572
7963.212982905982
8440.646382478633
8365.173055555557
8268.18332905983
8564.912865384616
8772.844126068376
9072.429243589746
8775.475288461541
9068.156730769231
9098.748764957265
9228.483235042737
9775.068064102566
9886.609474358975
9925.262651709403
9823.978694444444
10133.354164529916
10605.079692307692
10504.59090811966
10579.615232905984
10878.263188034189
10685.698692307695
10937.184311965813
11307.181487179487
11392.250034188035
11563.303395299146
11372.282190170941
11460.400792735045
12176.014935897438
11857.431549145298
11975.663403846154
11892.819959401711
12315.672040598294
12460.866564102565
11797.53788888889
12193.908222222222
11676.448807692308
11773.256399572649
11906.15181837607
11807.988006410256
12207.183482905983
11956.646542735043
12066.63446153846
12436.54525854701
12427.876341880345
12632.031311965813
12613.547363247862
12825.846893162394
12819.837438034188
12691.796967948721
13122.532335470087
12901.654873931624
12924.085237179488
13839.196508547011
