-19.144371794871795
123.30250213675215
166.29219444444445
209.53361752136755
271.2645833333334
486.623217948718
544.741764957265
636.1432329059829
711.4395256410256
778.5338376068376
894.2974145299146
564.5921346153847
1170.4598888888888
1237.0337927350429
1308.1480641025644
1331.513121794872
1479.1487756410256
1558.7738504273505
1709.0977585470089
2067.3883012820515
2157.933555555556
2279.0897649572653
2235.5758803418807
2539.5970534188036
2605.906722222222
2821.1707521367525
2589.355341880342
3131.732482905983
3317.7602051282056
3442.719194444445
3577.355997863248
3685.375480769231
3829.1379358974364
3956.8045940170946
4080.5444166666666
4194.8760897435905
4358.737354700855
4492.093786324786
4516.25664957265
4657.919702991453
4958.663933760684
5154.70905982906
5291.85658974359
5485.798694444445
5639.124615384616
5910.909442307692
6080.967891025642
6171.272602564102
6398.483807692309
6505.337267094017
6592.411927350428
6652.457448717949
6766.325476495726
6985.936057692308
6959.7274294871795
7218.83423931624
7288.661064102564
7525.117863247863
7672.094574786325
7895.900504273504
8106.836081196582
8236.8734508547
8358.267735042737
8504.103102564102
8621.984837606837
8771.764316239316
8887.897920940173
9016.457482905984
9101.515335470085
9217.885205128207
9284.587935897434
9111.647087606838
9531.923782051283
9677.571750000001
9957.43910897436
9957.976463675213
10072.436305555557
10465.902850427352
10637.620254273505
10751.922805555556
10869.016771367522
10877.261365384617
11158.33439957265
10970.14853846154
11658.29967735043
11863.551568376071
12003.713944444446
12191.503782051283
12420.584376068377
12614.798613247865
12787.246200854703
12976.985882478635
13087.360611111113
13239.657726495727
13343.04881837607
13491.60222008547
13654.293183760688
13873.18937606838
13968.639925213674
14153.54292094017
13577.753044871795
13679.095081196581
13756.03042094017
13926.395059829061
13999.43712820513
14118.361324786325
14166.920354700856
