47.3533547008547
5.365155982905984
41.714420940170946
54.8277841880342
10.213029914529915
4.341779914529915
-70.49629700854702
30.18630341880342
49.07713461538462
119.9671517094017
290.21958119658126
300.3988824786325
472.41622435897443
643.222297008547
457.13090170940177
598.2916452991453
765.1231688034188
843.9216452991456
913.1913717948718
1035.6381538461537
1147.153732905983
1255.9884615384617
1405.155888888889
1507.8886965811964
1626.3974551282054
1769.5613504273504
1894.601946581197
1966.5199465811968
2056.077527777778
2061.6677606837607
2239.775012820513
2352.4406559829063
2536.5963568376073
2701.660664529915
2844.1672628205124
2958.4276944444446
3086.0426901709407
3241.9907243589746
3390.7445235042737
3527.7081089743597
3637.105200854701
3804.0783846153845
3952.3718290598295
3865.411023504274
4232.3527136752145
4422.438401709403
4528.220113247864
4656.821959401709
4819.304134615385
4948.796252136753
5059.9182756410255
5154.760722222222
5401.742006410256
5547.95891880342
5769.485121794872
5777.712604700855
5893.640711538462
6100.158331196582
6270.129743589743
6473.628074786325
6653.669540598291
6754.499230769232
6909.262978632479
7041.394978632479
7233.356965811967
7377.360457264957
7405.894386752138
7545.983711538462
7747.070527777779
7872.8411431623945
8034.18575854701
8002.5050299145305
8228.410525641026
8367.315235042735
8430.068260683762
8744.582164529915
8877.749057692308
9021.52780128205
9165.88420940171
9363.804482905982
9456.621072649574
9559.536014957266
9775.457341880343
9986.23348931624
10064.618173076926
10256.847685897435
10352.455361111111
10537.01416025641
10652.2648974359
10832.696463675215
11030.532004273506
11111.432679487181
11273.401850427352
11402.01027777778
10827.164309829059
11605.713284188036
11873.056955128206
11293.120102564104
12102.352589743592
12254.28115811966
12438.143337606838
12647.199982905982
12778.13107905983
12896.469384615384
13037.073688034188
13247.231861111113
13429.997284188034
13586.575797008547
13765.261536324788
13923.99868162393
14053.909363247865
13490.15336965812
13674.411572649573
13610.613452991456
13677.234905982907
13962.49308760684
14106.444094017093
14414.398025641027
