-42.42897435897436
-38.538006410256415
-65.56401923076923
-43.02786324786325
-134.25641025641025
-95.77286324786327
-149.34117094017094
16.143839743589744
82.83044658119658
152.424297008547
259.1930235042735
330.89170512820516
431.2286282051283
531.8944465811966
587.9812136752137
648.7799529914531
714.4632564102565
788.1109594017095
873.8011004273505
994.4072863247865
1089.6717521367523
1208.1378974358975
1325.9049551282053
1472.099655982906
1600.1855363247864
1719.545408119658
1851.2897756410255
2002.2467948717951
2153.207927350428
2305.3839487179494
2463.7273739316242
2620.2466559829063
2762.94920940171
2914.887485042735
3076.6695854700856
3237.114715811966
3376.5176217948724
3514.214846153846
3700.4219059829056
3856.2323931623937
3990.213215811966
4154.230619658119
4331.936254273504
4468.246820512821
4625.4992478632485
4761.537023504274
4936.021326923078
5098.561581196582
5283.770767094017
5488.1467008547015
5682.412271367522
5891.8565491453
6064.846427350428
6245.06097863248
6423.248685897436
6557.162544871795
6701.225925213676
6862.890386752138
7022.685294871796
7222.726029914531
7395.821207264958
7555.748726495726
7734.458487179489
7853.93566880342
7995.518596153846
8103.559961538462
8257.951542735045
8415.601967948718
8563.324493589744
8709.25166880342
8836.885091880342
9098.250074786325
9242.81017094017
9402.76088888889
9647.426414529915
9772.347891025642
9902.684211538462
10065.012551282052
10181.946264957265
10354.373615384617
10576.21439957265
10728.043920940174
10905.268634615386
11052.592339743589
11218.611250000002
11408.83497863248
11554.218053418803
11676.778854700855
11827.508164529918
11965.747350427351
12141.701235042736
12358.531096153847
12518.04696153846
12678.105611111112
12880.243773504275
13028.930444444446
13187.525435897434
13310.190384615385
13507.34542948718
13687.318121794871
13877.534940170939
14028.020910256413
14191.707444444444
14314.73732051282
14507.161965811965
14642.960514957264
14803.859912393164
14964.798632478634
15105.401455128207
15242.98268589744
15426.698598290599
15558.264779914532
15722.567972222223
15090.061014957266
15240.952222222224
15327.349512820514
15442.98985683761
15616.709260683763
