-18.028036324786324
-15.689243589743588
-14.291232905982906
1.9027884615384618
-1.2097884615384615
-2.6971388888888894
-7.618064102564103
58.731256410256414
129.42285042735043
211.11475000000004
319.18425
410.3532371794872
535.2367072649573
628.9351773504274
687.6884807692308
745.9296025641024
809.2092884615384
866.4046581196582
948.3524017094018
1022.4188333333334
1123.547967948718
1216.0835405982907
1312.5290021367523
1453.5981025641026
1557.7504743589743
1689.983495726496
1837.8595277777779
1958.66314957265
2059.34064957265
2189.4303397435897
2347.038480769231
2503.443085470086
2610.8858910256413
2707.051651709402
2826.7157393162393
2976.921514957265
3086.598636752137
3220.7571517094016
3388.183286324787
3490.1166431623933
3671.320841880342
3786.748448717949
3941.4049230769233
4088.3697884615385
4249.81558974359
4387.947666666668
4496.77022008547
4650.739946581197
4779.988066239317
4943.061397435898
5104.278995726496
5222.221771367522
5391.397023504273
5526.962104700855
5749.383844017094
5913.573675213675
6046.172940170942
6169.412427350428
6323.315683760685
6513.477713675214
6647.920536324787
6816.7251025641035
6948.611294871796
7109.771636752137
7225.021386752138
7345.311510683761
7499.277288461539
7659.65232905983
7786.019694444444
7923.67447008547
8075.285331196582
8205.695361111111
8361.640762820512
8509.906566239317
8654.870254273505
8790.116311965814
9014.903004273507
9159.49863888889
9277.130782051283
9359.66556837607
9532.091931623934
9654.753425213677
9819.54411965812
9993.38725
10174.431361111112
10325.043690170942
10457.08848931624
10630.577880341882
10787.166100427352
10945.06513034188
11087.551985042735
11257.794707264959
11430.59142735043
11574.478760683762
11703.029931623934
11860.223128205127
12084.805474358976
12197.81547863248
12388.1630982906
12486.445700854703
12658.654884615386
12792.471835470087
12956.558012820515
13133.025888888891
13252.675826923078
13474.880715811965
13580.404444444446
13810.722467948719
13921.212861111113
14061.92476709402
14191.592108974362
14352.422732905983
14485.58320940171
13899.288920940171
14038.516273504276
14215.73160897436
14390.810523504275
14440.508923076923
