206 1100.1117650914791
206 1175.252474783422
207 1176.9095644634594
208 1177.7919316710177
209 1177.7339784406242
210 1177.9251242222003
211 1177.6523946176253
212 1177.6003712678532
213 1178.0414224998647
214 1177.5409534479288
215 1177.2634968320024
216 1177.5304065807636
217 1177.3096213284327
218 1177.605564832699
219 1177.7386614658724
220 1177.6047250124102
221 1177.8670508224488
222 1178.40030780487
223 1177.454263370129
224 1177.4553210591898
225 1177.5115124423203
226 1178.1336299086222
227 1178.0573783568282
228 1178.0175221658078
229 1177.8556309212115
230 1177.5405934132548
231 1177.5707784464437
232 1177.610510805674
233 1176.205515793935
234 1177.7912447774288
235 1177.0476774326612
236 1177.2507857347402
237 1177.7040585976677
238 1176.676265356969
239 1176.8212021757267
240 1177.7220552657468
241 1176.6049666857957
242 1177.0658303682983
243 1176.7276416143025
244 1176.2340460037462
245 1124.1279041488626
246 1125.1682087119436
247 1124.4585802209272
248 1124.6566346063657
249 1124.4179956662933
250 1123.6460344877064
251 1123.4430553626619
252 1122.9305520542664
253 1122.8455139632686
254 1121.6069912857085
255 1122.066125729034
305 1091.1022122569266
