305 1101.926990346852
206 1178.7390888218943
207 1178.366957996678
208 1178.912739539522
209 1178.8437821391708
210 1179.1512857672817
211 1178.959280635693
212 1179.284712332487
213 1178.582821834166
214 1178.9078232284228
215 1178.3888628215907
216 1179.006437807472
217 1178.199829600277
218 1178.7211132540542
219 1179.0994245218258
220 1178.5297173873114
221 1177.9662389588193
222 1178.7268675603816
223 1178.849576010136
224 1178.9479930688044
225 1178.6678040183383
226 1179.0160361317073
227 1178.8146545164432
228 1179.7674923205427
229 1177.7631068761984
230 1178.0591863551003
231 1178.0189170335884
232 1178.5530673000728
233 1177.8027285404853
234 1177.6104148597515
235 1177.3677265156875
236 1178.0237462598393
237 1177.1247395157231
238 1177.5709385186522
239 1177.3439503080997
240 1176.944245309467
241 1176.4208721888833
242 1177.8448739655519
243 1178.7094937913819
244 1176.9786284460656
245 1177.8795164269977
246 1177.215846927822
247 1128.282806980185
248 1125.03083247584
249 1124.6991722247562
250 1124.1126384734641
251 1124.083016399821
252 1123.1130223044195
253 1123.2701468802813
254 1123.8104661668738
255 1103.0874209257017
256 1101.6238299042714
257 1102.7635431774659
258 1102.0657410686224
259 1102.5183888323984
260 1102.4234425755742
261 1101.989265025209
262 1101.309974250244
263 1101.696674481078
264 1101.0591364199906
265 1100.0738982860669
266 1100.1363623149402
267 1099.171109707831
268 1099.4278088094811
